[app/ui]
version = 6.0.2
modtime = 1392285962.253333000

[app/launcher]
version = 6.0.2
modtime = 1392285962.255814000
